7.009457166235666 -4.839633393617753
2.090684047713271 -8.024688033240544
-2.7652878921919077 -7.330035908860564
6.039111239578773 6.589198954148923
8.354656235249834 2.02495856078108
0.1451789665620815 6.698683909239186
-0.8163288222550253 0.18954716939343186
-8.609950110233598 2.6486814212600596
8.80060883792195 -1.1790194360428963
-9.598340895667409 3.049075064842233
1.7040848154321502 6.816030196290793
-3.647477248150574 -6.617866441407618
-0.07679662145865507 -8.078891315289711
2.949335132702588 2.773772402748518
-7.169197453253238 -4.215771396124053
6.967456920353349 -1.7113362444462936
-4.762772344724146 7.959764412766056
-3.84954597454424 -7.093522180132588
0.17129363712957257 4.673752722460909
-1.6111854869578028 -8.946919514697933
-9.751721163131283 4.915019375420812
5.839490848882658 4.904395095238067
1.4993274304529773 6.908607997832185
-1.1474657623417706 -2.2587969030181494
7.1972387639261335 5.085035897006513
0.8009479094610494 -3.1341089459019766
5.972176568447535 -7.993440630928312
4.698997868064193 -4.95349571104478
0.3006077849836366 4.508132035584831
-0.7831790057254633 7.603497121463299
-3.284919861606692 -8.838543984517928
-3.1769147858198536 3.9595361114743532
-6.576140454794574 2.250592015583443
-7.210244039603955 -4.6807571703437105
7.066991000672488 3.835574962370032
7.767168961702875 -2.5634159234064686
-0.6757721519633684 7.8760565601449315
5.525383914292178 -9.29320768169882
-6.734440840063911 1.7191201744129962
-2.350067968319678 -4.930851225599109
8.732312385910099 -2.6262398710765993
6.735233463516963 5.932793950907676
-3.7695534741360586 5.129276874165212
4.5374208180136435 0.7842593562010052
-1.8547684343202846 6.04427078772374
4.0101269754965525 -5.289922781187983
5.98625251302639 -9.66738219933523
9.864321123994507 -8.628026841369552
-0.7480452509973468 -8.344953783625462
-9.582014910443093 -8.96518668807676
1.8722766781741278 -2.9255701636321767
2.065979980232166 3.1806049807481998
-1.8719370434984839 8.304212643210004
9.638934208095506 -6.526294352312895
-4.639992731148618 -5.513729607436131
6.241087850666808 4.39374380109987
9.56219791504643 4.616487754719609
-4.473316104974058 -1.4188939694199654
-0.37450418971716815 -3.8176874633100244
7.869763362560786 7.778504926441503
7.524823409818367 -8.968906697990915
-4.863279390423452 0.1902906505893398
-7.610054236028452 -3.2935031400032866
-6.142370899182845 -0.22000453913541307
8.96979765703976 -5.221007084361508
2.9696495915157968 1.3153274416815322
7.993554723979464 -7.551500181773985
9.778399135399415 7.641653791137141
-1.4212788829551712 -1.2727964995850094
7.0177570472154045 -2.01334410848294
9.13085108276863 7.930183514676131
0.4248159120642985 1.3896042023135138
5.307430801432005 -2.202994718017271
3.7774782167702803 8.304697142100789
-4.7545631693653885 5.92074493765524
3.7555145274961 -7.281487028310158
9.610918707200891 5.642992055142287
7.915564394245628 -1.1230863883746416
-6.906064970087124 4.778819105563748
1.6750153072055909 -5.337249333610519
1.7903220761661487 -4.559795851001638
3.7565373224383247 -4.097851381660773
3.8351330947748057 -2.50408952281707
-7.992292467604725 -7.98991250039821
-1.078854266840846 7.3442662596023
-4.7271667748001605 -5.0761771998199645
-9.403381562091264 3.033948874282377
5.79237253989084 -8.362834047815218
7.103685201715795 -2.887629515775769
-6.299004213669848 1.61217344051944
-8.973344464536046 -9.269522466307041
4.667133536854649 -3.7304305801577975
0.39129987838693125 -1.260374248539673
-2.385161666119462 4.450043289106638
-9.054272499900913 8.3687798249026
0.264424171136346 9.338293861492279
-0.4956215490628324 2.7604168249999823
-2.734163674596166 -2.307880317517199
-0.6604392296819874 3.391671719754598
8.680574518976496 2.651436822637052
