-7.301438993698522 6.648248726645033
-3.6044576158747006 0.9747107548993625
-5.233993971257005 1.4180628241471442
-2.870008742567838 9.487607707773957
-1.221940115794176 -8.200416667412785
7.299171317773805 1.001444228028845
-2.806666510447684 -6.96125878705802
1.1427957824662887 7.316070674438187
3.7466450191254665 -1.1920660603785844
0.6438318846622515 0.44032491826983033
5.778395936449048 -1.4964359449502158
-3.25093974294814 9.384033048107444
-2.3775412314012563 9.826129489329656
-0.19734086169640186 6.620169067804156
2.334494944896763 -7.343880408599482
-8.7015224689773 6.289714056609881
4.751749753051104 -4.366992925984039
0.18158795131197003 3.0530123589690135
8.65404981590451 5.148232857762734
-9.305319697036644 -8.433505851189576
-9.745534067011727 -3.1270018673365474
-3.4278758435678203 3.400419172182632
6.935288730089276 2.776337861204677
0.19104888056413571 0.7803700635911035
-8.928848098829041 -2.297361463028878
9.11484886015523 -2.8456586904870163
1.7189961767667068 8.250636111290188
0.8584420244050062 -0.39593583529326004
6.231824587119419 -9.766843377187978
8.547980576077393 -9.88617817290942
-9.23337874283371 -1.1849803423550949
-3.1548585178592354 8.020935288356178
-6.639194006246996 -4.3034606711858885
-6.570051319854144 -4.337351365421802
-5.056578776509115 -7.752555731868056
0.6363037203999529 7.663943063756999
-1.0059611655345435 -3.733387923726575
-5.178542649542339 -5.368415989482709
-0.2422608859956341 -2.18701617293741
-8.370653648816955 -0.697474260720556
6.628064354884099 -1.568586746224156
7.884269386674621 -0.42615650141376804
5.729407145894639 1.4534125640768956
-0.3337591145357415 9.781484498700998
8.40287835634491 -1.4166153544139632
7.189697122735378 -4.815573682298043
-5.575479088347352 -5.0496172278074525
8.499116700565914 -7.806513688102208
-5.703577246952117 -5.897650557024936
-3.384703634269533 -8.649086833677057
-4.221775751873991 -9.17833323329278
9.596538730168277 6.69887196802496
-4.972364184301754 6.169229068986343
-5.961712796732332 2.7553412994769015
6.203681730134722 -9.69149666872185
-0.5953161092954886 8.209094828584028
7.020096439761552 1.1635932499091801
5.990374361668847 -8.257978571167452
5.243549187067897 -3.145185162620261
-7.820700371225692 -5.67493607481397
4.750265328695383 3.110401187815846
-8.93278710569472 4.908095344107778
2.656524866644885 1.5022822493185082
8.051284477930164 -4.404142202836252
3.1336339280770904 1.4941014752873816
-2.5476953018655246 5.749576273807245
-1.5190045954896831 4.915007246585411
-3.7265055600589747 8.708537774553598
4.06200327807224 9.944370991824513
-7.65665332367548 -5.3824622860512505
-1.6432581780911164 -4.589172930927894
-9.355225091813686 5.487887319571774
6.03119175273288 -9.228427358354752
-0.3044303506644237 -1.7594575877228316
-7.124174073860581 -8.072356981406262
5.539134487014707 9.816889078953885
-7.482398959467322 -4.049010362847856
-4.369395669949501 -9.971059357379794
-9.894093376089748 -4.341829945928111
8.124141197450115 6.686168785681907
3.860470247484873 2.0843292830632123
-3.9206856906553718 2.8727680081625717
4.6772624325892505 -1.4653678811174728
-9.700207165427187 -9.365486197767204
6.052722778932914 -6.111697560082154
2.62075467049398 -5.356203078400272
-7.547188517696126 2.38031605595201
-1.0326800177208728 1.8414503491211516
5.6011200103975085 -2.8160801778741202
-2.522091976141734 -4.035510000117009
0.350259185655899 0.3335368748281837
1.2994427622694893 3.422355227997153
-7.6917538423890575 3.7161881343351606
-8.471243815109563 -4.26708929463288
-7.341172230662501 6.5672354556520744
-5.460018478962847 -8.012151351845
-8.550893769869747 2.9488418269619228
5.27510638404641 6.399710779746599
7.671945350820227 6.8946796478265
9.38070887887526 -9.714399658139294
