5.26
3.57
6.22
4.21
6.52
5.84
4.48
4.7
5.1
5.01
3.54
6.2
4.62
8.89
6.39
6.51
5.13
4.99
3.88
6.81
6.88
6.62
3.62
3.72
5.74
3.32
4.79
4.04
5.45
3.89
4.07
6.01
6.72
3.22
6.92
3.16
6.18
6.84
5
4.98
4.38
6.64
4.14
3.79
3.38
3.13
4.24
3.54
3.8
6.7
5.63
6.94
5.09
5.81
5.92
5.37
5.7
4.77
3.99
3.29
3.29
6.13
5.28
3.95
5.42
6.51
6.69
6.94
5.65
5.78
3.02
3.66
6.9
3.37
3.65
5.32
5.78
3.73
5.32
4.77
6.86
3.11
3.48
6.27
5.51
4.83
6.18
4.85
6.46
4.36
4.44
4.94
3.32
6.13
3.72
4.42
4.02
3.92
6.8
6.52