22878 47947
22861 47934
22836 47902
22820 47892
22780 47882
22764 47875
22753 47861
22753 47853
22758 47846
22760 47839
22752 47828
22746 47825
22724 47823
22704 47817
22692 47811
22667 47789
22638 47772
22601 47761
22563 47757
22528 47761
22454 47787
22424 47783
22407 47743
22396 47736
22383 47732
22368 47731
22322 47736
22309 47735
22292 47731
22273 47724
22262 47716
22240 47693
22232 47688
22215 47680
22208 47674
22204 47666
22201 47648
22198 47639
22173 47615
22170 47609
22169 47601
22168 47595
22167 47594
22162 47586
22154 47582
22149 47579
22100 47571
22037 47539
22008 47517
21989 47493
21991 47462
22000 47427
22002 47394
21982 47366
21937 47357
21919 47350
21901 47336
21862 47297
21856 47286
21845 47250
21839 47241
21828 47226
21824 47215
21823 47203
21826 47194
21826 47185
21820 47173
21812 47165
21789 47150
21780 47141
21775 47132
21770 47114
21764 47105
21744 47092
21694 47069
21672 47055
21633 47023
21634 47019
21637 47014
21645 47011
21655 47010
21662 47006
21671 46994
21671 46993
21668 46992
21649 46943
21640 46936
21594 46910
21590 46909
21589 46906
21587 46894
21588 46882
21591 46872
21592 46861
21583 46848
21573 46842
21537 46835
21516 46822
21503 46805
21482 46765
21477 46760
21474 46755
21471 46749
21470 46743
21473 46740
21475 46738
21478 46736
21505 46723
21502 46704
21484 46685
21464 46677
21436 46674
21425 46662
21424 46658
21417 46645
21396 46626
21374 46618
21338 46620
21316 46617
21301 46604
21295 46585
21291 46547
21279 46528
21262 46513
21248 46497
21245 46477
21274 46438
21281 46416
21258 46404
21215 46403
21196 46398
21179 46384
21169 46363
21165 46318
21156 46299
21144 46284
21135 46279
21106 46279
21099 46276
21051 46236
21033 46231
21014 46243
21007 46249
20999 46252
20991 46252
20981 46249
20962 46248
20924 46260
20907 46262
20900 46261
20885 46255
20875 46254
20867 46257
20849 46268
20840 46271
20820 46272
20799 46268
20787 46263
20779 46260
20739 46237
20735 46232
20736 46223
20745 46200
20745 46192
20737 46187
20727 46188
20718 46190
20710 46188
20705 46181
20704 46169
20704 46166
20699 46156
20684 46145
20664 46138
20608 46129
20600 46130
20588 46133
20578 46138
20549 46156
20509 46168
20469 46174
20444 46147
20283 46144
20243 46108
20188 46140
20170 46146
20145 46137
20138 46136
20130 46139
20120 46149
20115 46152
20098 46155
20089 46154
20063 46145
20035 46143
19993 46159
19929 46164
19889 46157
19874 46153
19790 46129
19773 46132
19712 46159
19690 46168
19669 46173
19648 46174
19590 46166
19568 46166
19550 46164
19525 46156
19502 46146
19488 46134
19489 46126
19497 46117
19499 46109
19473 46099
19466 46092
19461 46084
19454 46078
19437 46068
19428 46066
19417 46064
19405 46060
19397 46052
19389 46042
19379 46034
19362 46030
19325 46029
19307 46027
19298 46022
19287 46016
19279 46004
19275 45992
19263 45981
19236 45978
19148 45984
19126 45993
19126 45993
19111 46013
19088 46019
19065 46012
19050 45993
19049 45963
19031 45960
19006 45963
18982 45951
18979 45947
18978 45944
18979 45940
18986 45931
18989 45927
18988 45924
18982 45922
18963 45928
18901 45931
18887 45930
18877 45922
18865 45918
18845 45914
18828 45906
18822 45906
18818 45905
18805 45914
18795 45903
18790 45894
18786 45887
18776 45883
18763 45884
18724 45898
18674 45910
18656 45908
18633 45892
18629 45887
18626 45875
18624 45869
18622 45868
18607 45857
18585 45827
18573 45817
18530 45791
18504 45784
18482 45791
18465 45784
18431 45754
18412 45743
18404 45742
18398 45741
18391 45742
18384 45743
18384 45743
18367 45758
18351 45758
18335 45752
18318 45747
18301 45752
18283 45765
18261 45765
18230 45781
18211 45785
18129 45785
18120 45783
18103 45775
18092 45772
18080 45772
17975 45792
17906 45792
17890 45792
17880 45789
17876 45781
17870 45773
17858 45772
17858 45776
17838 45800
17809 45814
17687 45841
17665 45842
17657 45845
17655 45852
17653 45857
17652 45869
17647 45884
17646 45892
17638 45901
17591 45936
17554 45948
17512 45954
17427 45957
17418 45953
17415 45950
17412 45947
17406 45944
17400 45960
17389 45963
17365 45957
17345 45956
17342 45959
17344 45968
17338 45985
17327 45972
17317 45974
17307 45980
17305 45981
17290 45985
17290 45991
17297 45993
17309 45997
17317 45998
17308 46006
17291 46008
17276 46012
17269 46029
17267 46039
17254 46071
17249 46080
17209 46117
17197 46121
17116 46123
17101 46128
17053 46153
17041 46162
17036 46173
17028 46180
16975 46211
16965 46219
16941 46251
16903 46282
16896 46286
16889 46292
16879 46312
16872 46327
16875 46343
16865 46359
16859 46365
16850 46373
16838 46382
16832 46382
16830 46377
16828 46374
16821 46378
16817 46382
16812 46385
16808 46387
16803 46389
16776 46393
16769 46396
16762 46382
16755 46382
16743 46400
16712 46413
16694 46430
16677 46449
16659 46464
16638 46474
16611 46478
16602 46482
16594 46483
16588 46480
16584 46471
16578 46471
16564 46480
16521 46499
16515 46502
16501 46545
16467 46565
16430 46604
16395 46619
16376 46629
16372 46636
16367 46643
16378 46653
16397 46659
16403 46663
16411 46668
16405 46687
16390 46694
16370 46695
16366 46696
16364 46697
16358 46699
16357 46716
16343 46714
16334 46722
16326 46733
16314 46743
16300 46772
16297 46776
16299 46780
16302 46787
16311 46798
16315 46802
16322 46813
16328 46825
16329 46834
16325 46839
16311 46840
16302 46843
16297 46847
16282 46860
16271 46864
16178 46858
16135 46856
16129 46857
16094 46863
16110 46868
16123 46876
16158 46910
16171 46919
16196 46931
16216 46937
16224 46941
16231 46948
16231 46954
16230 46960
16233 46966
16242 46972
16253 46974
16261 46978
16265 46993
16274 47004
16289 47006
16326 47000
16367 47004
16388 47002
16405 46993
16410 46990
16416 46989
16420 46990
16425 46993
16425 46993
16441 46995
16467 46995
16486 46999
16482 47009
16468 47018
16453 47022
16425 47024
16437 47032
16482 47044
16493 47049
16497 47055
16494 47060
16482 47064
16462 47068
16454 47082
16461 47096
16482 47105
16505 47126
16510 47138
16497 47150
16481 47151
16447 47140
16434 47146
16434 47151
16442 47168
16442 47177
16435 47184
16427 47184
16419 47184
16413 47187
16409 47204
16425 47226
16421 47243
16421 47243
16452 47255
16467 47263
16473 47277
16469 47293
16439 47337
16436 47339
16432 47340
16427 47341
16424 47345
16425 47351
16429 47354
16434 47356
16436 47359
16434 47397
16444 47410
16457 47412
16470 47406
16482 47392
16589 47426
16627 47446
16641 47453
16637 47493
16648 47502
16677 47510
16688 47523
16689 47538
16681 47551
16668 47560
16651 47567
16656 47586
16648 47606
16630 47622
16608 47629
16575 47625
16510 47643
16482 47639
16426 47654
16408 47661
16417 47669
16432 47685
16439 47690
16445 47686
16450 47682
16455 47682
16461 47685
16473 47692
16513 47706
16521 47712
16527 47720
16525 47733
16531 47743
16568 47754
16610 47751
16690 47730
16702 47724
16708 47715
16712 47704
16719 47694
16730 47686
16741 47681
16797 47675
16806 47677
16817 47684
16837 47705
16850 47713
16865 47687
16903 47682
16982 47695
17055 47702
17075 47708
17064 47713
17056 47721
17051 47731
17049 47764
17042 47784
17041 47801
17056 47812
17049 47819
17040 47837
17032 47841
17011 47848
17004 47852
17004 47863
17017 47868
17051 47873
17068 47882
17078 47892
17083 47905
17087 47923
17085 47925
17080 47926
17075 47928
17074 47932
17077 47935
17086 47939
17088 47941
17091 47949
17096 47956
17096 47962
17086 47970
17148 48005
17185 48020
17221 48015
17262 48007
17273 48005
17338 47999
17369 47981
17472 47889
17482 47883
17492 47880
17517 47876
17527 47872
17560 47838
17573 47830
17583 47830
17593 47833
17604 47834
17619 47829
17640 47819
17658 47807
17666 47797
17677 47789
17719 47774
17742 47765
17826 47750
17884 47753
18113 47762
18236 47754
18273 47756
18348 47777
18553 47793
18597 47791
18634 47780
18664 47776
18693 47778
18717 47788
18750 47814
18768 47822
18790 47826
18815 47832
18816 47833
18778 47851
18749 47871
18742 47889
18745 47911
18755 47952
18751 47963
18745 47967
18743 47971
18756 47982
18765 47985
18785 47988
18794 47993
18821 48030
18838 48040
18934 48054
18982 48062
18996 48066
19019 48065
19039 48065
19099 48071
19223 48061
19233 48062
19293 48088
19428 48086
19482 48111
19483 48116
19484 48122
19483 48127
19482 48133
19481 48133
19481 48134
19481 48134
19482 48135
19494 48151
19503 48189
19514 48204
19531 48211
19623 48227
19634 48227
19644 48225
19655 48218
19677 48200
19687 48197
19733 48203
19757 48200
19774 48186
19775 48176
19769 48167
19767 48159
19776 48150
19786 48149
19822 48158
19846 48153
19884 48130
19905 48124
19929 48130
19974 48158
19997 48168
20035 48176
20038 48177
20078 48194
20097 48198
20105 48203
20113 48212
20118 48230
20122 48237
20135 48247
20143 48248
20153 48245
20171 48244
20188 48249
20218 48268
20229 48271
20249 48264
20260 48256
20272 48252
20295 48260
20324 48280
20349 48305
20370 48334
20409 48414
20421 48429
20436 48442
20466 48464
20468 48465
20482 48479
20483 48482
20483 48486
20483 48489
20482 48493
20480 48510
20481 48519
20482 48526
20511 48534
20573 48537
20784 48569
20800 48569
20816 48564
20845 48546
20860 48543
20891 48541
20946 48519
20981 48517
21007 48518
21036 48515
21064 48506
21084 48493
21109 48489
21187 48514
21220 48519
21238 48513
21250 48506
21262 48503
21277 48509
21288 48520
21294 48531
21302 48540
21322 48548
21339 48550
21373 48550
21425 48561
21439 48558
21473 48545
21491 48540
21499 48535
21506 48526
21515 48507
21522 48500
21538 48495
21575 48496
21592 48493
21600 48482
21613 48440
21622 48430
21678 48372
21701 48354
21728 48341
21759 48334
21789 48336
21841 48353
21884 48357
21915 48369
21929 48373
21982 48375
22000 48379
22018 48380
22078 48376
22096 48379
22114 48389
22133 48405
22157 48402
22158 48402
22159 48402
22169 48410
22202 48418
22236 48415
22272 48403
22257 48373
22257 48357
22284 48358
22291 48358
22299 48349
22299 48339
22296 48328
22297 48314
22308 48294
22357 48243
22364 48239
22371 48237
22379 48239
22386 48243
22390 48244
22395 48245
22399 48244
22418 48239
22434 48237
22450 48238
22469 48244
22473 48244
22477 48244
22481 48243
22556 48177
22569 48157
22583 48125
22600 48101
22605 48097
22608 48097
22621 48102
22693 48102
22712 48106
22729 48113
22746 48116
22762 48109
22766 48105
22801 48091
22831 48072
22844 48061
22855 48047
22862 48028
22858 48018
22851 48009
22849 47993
22832 47979
22841 47967
22878 47947
